INSERT INTO BookingSeats (order_id, cinema_name, theater_number, seat_number)
VALUES
(1, '影城1', 1, 1),
(1, '影城1', 1, 2),
(1, '影城1', 1, 3),
(1, '影城1', 1, 4),
(1, '影城1', 1, 5),
(2, '影城1', 1, 1),
(2, '影城1', 1, 2),
(2, '影城1', 1, 3),
(2, '影城1', 1, 4),
(2, '影城1', 1, 5),
(3, '影城1', 2, 1),
(3, '影城1', 2, 3),
(3, '影城1', 2, 4),
(4, '影城1', 2, 2),
(4, '影城1', 2, 3),
(4, '影城1', 2, 4),
(4, '影城1', 2, 5),
(5, '影城2', 1, 1),
(5, '影城2', 1, 2),
(5, '影城2', 1, 3),
(5, '影城2', 1, 4),
(6, '影城2', 1, 1),
(6, '影城2', 1, 2),
(6, '影城2', 1, 3),
(6, '影城2', 1, 4),
(6, '影城2', 1, 5),
(7, '影城3', 1, 1),
(7, '影城3', 1, 2),
(7, '影城3', 1, 3),
(7, '影城3', 1, 4),
(7, '影城3', 1, 5),
(8, '影城3', 1, 1),
(8, '影城3', 1, 2),
(8, '影城3', 1, 3),
(8, '影城3', 1, 5),
(9, '影城3', 2, 2),
(9, '影城3', 2, 3),
(9, '影城3', 2, 4),
(10, '影城3', 2, 1),
(10, '影城3', 2, 2),
(10, '影城3', 2, 4),
(10, '影城3', 2, 5);